00065411
00004194
00004128
00004625
00004091
00065423
00065737
00004014
00004622
00004451
00003920
00004627
00004573
65772
65481
00003923
00004482
00065632
00004621
00065387
00065596
00004220
00003994
00004759
00004299
00065457
00004092
00004196
00004614
00004230
00004038
00077858
00004432
00065698
00065834
00004301
00065770
00004752
00004704
00004575
00065406
00003943
00003902
00004106
00004028
00004438
00004604
00004429
00004315
00003928
00004275
00065499
00004420
00004278
00065836
00004750
00004764
00004515
00004280
00003990
00065510
00065410
00004321
00004303
00004430
00004705
00004755
00004011
00004494
00004006
00004105
00065395
00004238
00065643
4551
00003860
00004288
00004449
00065552
00065843
00004000
00002860
00004479
00003930
00065738
00003975
00004122
00065412
00004452
00065771
00065381
00004550
00004139
00065383
00004762
65429
65451
00004184
00004281
00004223
00004444
00004257
3909
00003895
00004617
00065595
00004286
00004204
00004243
00004274
00004112
00004211
00003900
00004436
00004677
00004205
00004572
00077855
00004700
00065840
00065665
00004298
00004718
00004035
00004480
00004611
00004239
00004119
00004037
00004325
00004701
00065417
00065394
00004478
00004623
00004241
65478
00004210
00004407
00003958
00003962
00002842
00065741
00065600
00004033
00004093
00004410
00065416
00003486
00003989
00004708
00065627
00004456
00065484
00004536
00004688
00077857
00004673
00004692
00004607
00004496
00004215
00065554
00004284
00004506
00002843
00004096
00004557
00004564
00004428
00004681
00004010
00004556
00003965
00004306
00065656
00002841
00003980
00004682
00004694
00065636
00004707
65620
00004507
00065496
00004609
00004304
00004599
00003896
00004508
00065641
00065839
00004612
00065696
00004138
00004008
4545
00065594
00004483
00004601
00065396
00004300
00004237
00004721
00004111
00065652
00004411
00004712
00065398
00003055
00004559
00065522
00004710
00003985
00004276
00003591
00004571
00004757
00004009
00003979
00065736
00065415
00004005
00004013
00004509
00004576
00004446
00004175
00065666
00004696
00004232
00004690
00003960
00004176
00004271
00004221
00004103
00004535
00065393
00065697
65476
00004095
00004234
00004316
00004616
00004706
00004318
00065488
00003918
65486
00065672
00004624
00004207
00004540
00004261
00004437
00004219
00004676
00065508
00003917
00077853
00003812
00004569
00004285
00004193
00004131
00004097
00004570
00003992
00003675
00003996
00004302
00004107
00004256
00003959
00004675
00003891
00065837
00004012
00065642
00004268
00065847
00004499
00065407
00004689
00004421
00065625
00004475
00004761
00004209
00004716
00065397
00004473
00065644
00065655
00004684
00003937
00004269
00004195
00065791
00004117
00004098
00004311
00004765
00004090
00065518
00004326
00004703
00003883
3910
00004266
00004749
00004101
00065509
00004672
00004790
00004305
00065402
00065680
00004113
00065718
00004291
00004225
00003978
00003983
00004709
00004469
00004418
00004295
3974
00065553
00004214
00004766
00004229
00004222
00065633
00004002
00003897
00004308
00004416
00003820
00004282
00004425
00003914
00004203
00004388
00004669
00004555
00004719
00003987
00004142
00004558
00004435
00065390
00004003
00004218
00004504
00065422
00003899
00004423
00004497
00004310
00065391
00004121
00003988
00004422
00004747
00004182
00004317
00004029
00004474
00065541
00003608
00004242
00003984
65482
00004115
00065599
00004470
00065818
00065419
00004695
00004618
00004259
00004487
00065404
00065626
00004619
00004292
00004032
00004763
00065453
00004217
00004476
00004231
00004741
00003961
00004258
00004140
00065690
00004293
4541
00004754
00004613
00065790
65474
00004294
00003982
00004200
00004155
00004228
00065597
00004313
00004453
00065420
00004322
00004405
00004007
00004201
00065835
00065819
00004600
00004414
00003819
00004015
00065708
00004177
00004680
00004297
00004236
00004100
00065719
65480
00004233
00065668
00003890
00004531
00065487
00065400
00004202
00004287
4265
00065622
00003932
65735
00004173
00065684
00004109
00004406
00003884
00004501
00004791
00004698
00065405
00004553
00004412
00004602
00004240
00004260
00003986
00003886
00004620
00065621
00003889
00004758
00065832
00004448
00004267
00004254
00004670
00003885
00065628
00065793
00004123
00004426
00003888
00004626
00004505
00065833
65477
00004498
00065716
00004561
00004547
00004213
00004245
00004027
00003998
00003595
00065846
00004289
00004395
00065653
00004226
00004110
00004004
00004324
65734
00004502
00004323
00004312
00003991
4544
00004687
00004525
00004751
00004031
00065667
00003887
00004252
